-0.010391458079352139
-0.006656618564988417
-0.01244482923816613
-0.02746537231604361
-0.0019225413332688238
-0.0067697542763598875
-0.021489332353602852
-0.009874818958036467
-0.014046576038139243
-0.01162797503344474
-0.016760277586842034
-0.002222800133875531
-0.02311374087001667
-0.01929459947993053
-0.019404893126799782
-0.008273737873653724
-0.01575167892518341
-0.016650467509650886
-0.02210898462356842
-0.01624672240618871
-0.015429578194816565
-0.017529429052993706
-2.0961856017926578e-05
-0.004253556846942057
-0.038818724789659684
-0.03632313245967673
-0.01798672092055162
-0.021089504115763536
-0.014462570025013888
-0.005128350689774365
0.009714387550510484
-0.02767610762692281
-0.01511425007126998
0.004275316074923301
-0.007939570037981531
-0.009368766276237384
-0.02061506371687463
-0.031027751708556525
-0.01524645255777259
-0.015322159121784525
-0.02849782054244574
-0.023608566617805624
-0.016221636797272274
-0.025314116230607774
-0.017378199678522173
-0.015487169725305455
-0.012847737629445142
-0.02202511658314315
-0.010772719282141774
-0.005474130457176717
-0.010079116954334362
-0.02501630227390307
-0.008934177162145592
-0.021120400184670523
-0.007286593817120147
-0.02604857416877444
-0.007299827968712189
-0.017330534546154804
-0.028952588903344154
-0.019099894719668477
-0.01649967721228456
-0.012351586608355461
-0.02632248124940978
-0.026624730471651932
-0.01378645467152919
-0.01977429616879802
-0.009220843882697748
-0.006237704775216208
0.01755462633649052
0.03766598116517618
0.04647846967535732
0.032522931556295265
0.0252054541676243
0.04222013827179592
0.036759165162081414
0.043564730707775605
0.0305971428994872
0.01997181726277789
0.03439529235288749
0.030654418469887673
0.043143738220475736
0.03858322848377154
0.018426607675648986
0.023486369198968
0.044030090365872555
0.04299135017417847
0.030017066340915114
0.03623061203432719
0.04196313553776186
0.04010894335847278
0.0455488219611435
0.038377056272215625
0.03464821661031502
0.032310619352121546
0.046747028005332515
0.01383145724921462
0.035416746749086625
0.0352535010398406
0.021234610391298127
0.040119536131380466
0.03003498987556606
0.04661354796315746
0.033679979159656724
0.04180343240789453
0.04769203605171224
0.038395495827134724
0.028190888565771545
0.020524113682953614
0.054209641175163734
0.035971178068124804
0.028911050523656785
0.03671667088060825
0.034338786695173505
0.04401202264212688
0.036491781824371
0.036019395836184194
0.02884810278967036
0.040949880987474936
0.024783832776450174
0.04257689439763967
0.049787675129901315
0.021439139619008486
0.011419307686486819
0.0433947875515432
0.06144487815483127
0.02430355151128106
0.02135204241198012
0.04097118933780474
0.02863448409941692
0.030050945160632638
0.032907725333162226
0.03969102086291799
0.03205487638606881
0.0381729284008016
0.034772867411064244
0.026675188963483965
0.03256473742256779
0.025537203348320815
0.03555364985869749
0.024821437724343632
0.025417156307047568
0.04962751815305256
0.03607495779694659
0.033418679745279574
0.04203616419917619
0.03207252997451129
0.032327846325218415
0.039285087353319086
0.03773815842244402
0.024483332730675704
0.042868025966696616
0.02950035056710957
0.025394710496858142
0.028290949300009485
0.03213264655644677
0.051602102546230676
0.024634440950792195
0.03763755892534341
0.013664256419094224
0.03594643066854803
0.04463176417476007
0.03313336677938544
0.026234350761166578
0.03821951064058538
0.0431213175115065
0.04277987571017407
0.055822938539297914
0.03829397472336277
0.030475599002470675
0.03546820810013357
0.03484281454380188
0.037777573834781183
0.03512832186770565
0.03771655938896203
0.019125099393848873
0.04460008956040043
0.030445107310789678
0.02489661303552975
0.04237431159641436
0.04787916007386082
0.03647248149499443
0.0341439931384552
0.02649989694628048
0.06272697337813499
0.04161468620661508
-0.026023646703429756
-0.022768079162397446
-0.015575107514280954
-0.03136391131995986
-0.015654995929894857
-0.01854991555712759
-0.0017413939968378266
-0.004464853363717531
-0.04151545437434773
-0.015827274139726875
-0.031336774995236884
0.0007986799924852312
-0.010719641308721757
0.035223754521869974
0.01909975271196701
