0.037385933817935334
0.029422415585192523
0.027098264566081068
0.009347326173601442
0.05061407382720902
0.041381458720372286
0.032243971631321755
0.039042865867276615
0.03649800669797649
0.027286371635759477
0.04336087451126036
0.03209123453340847
0.03152226095942037
0.026593332446411017
0.03924728071240855
0.033401119482826126
0.040594087139646816
0.02715614300129363
-0.009091821528881302
0.025642759565702097
0.042680149723701426
0.036799250869806864
0.038056910081353264
0.03878133912970263
0.023234724998466655
0.042944509961440766
0.054913128183423685
0.016524974967644747
0.018096385328455183
0.0206421858613568
0.04506148893454
0.03602225657474068
0.04539452440739298
0.042662308723074985
0.0364752181237528
0.03803258145250371
0.034496095022768646
0.0416030021121151
0.024332340382192452
0.03202251173821684
0.03993678853098735
0.05480060858449333
0.02816755884279601
0.024108495408630578
0.030556728014959622
0.04603272201138163
0.032341744931081745
0.04842977019236957
0.015071004823939763
0.00019553141900478105
0.04573206239929539
0.02261664310198515
0.036964218865359576
0.049155676351945364
0.03645589042309522
0.045485114221517804
0.05919116913317144
0.039530722545923304
0.032473976860570616
0.02883727840180469
0.04159804601544485
0.03470459933642276
0.03620163629205932
0.03312580221584968
0.04177499652585494
0.024272503878350872
0.019813135093294437
0.010020033028510615
0.04719840899390078
0.03768603359583266
0.05076849413122346
0.03516523701889601
0.02925424544800823
0.04186339298799656
0.035030815870628035
0.02285683338026369
0.026423434185492284
0.05354969317484588
0.03979770595323526
0.03988796535030178
0.03280018281678988
0.029788804362339084
0.04475525815570934
0.03332273547326308
0.0296349188825207
0.03462461480650452
0.024802939832776486
0.03828935838591112
0.0456632763006904
0.028177348338567533
0.050048440051707846
0.028365000513385426
0.0361815216272394
0.027368434746958117
0.03432384833645665
0.035292244124941266
0.03181195053826573
0.027217521044274953
0.028270838093363393
0.027276900507491403
0.020359300070755707
0.03371640388922541
0.03906948209610138
0.044640219250927496
0.04168542728546104
0.060053265223424246
0.03954661635077841
0.03161386106067982
0.054484046370160674
0.02348551906405917
0.04660557609522217
0.026729652302753135
0.03976721657601502
0.015064732477621343
0.04522883707650607
0.033451123847284346
0.026399485282757908
0.0511424903876216
0.04265574683766121
0.03488897835779376
0.027080166112098722
0.035192374098382474
0.03456621237044804
0.04202636493541093
0.04368025181159793
0.02927793620237267
0.030396194392429486
-0.015371753277786109
0.023802527537420973
0.029413351171087843
0.03546571934793606
0.04294631944605641
0.04824629489366779
0.025863741224406683
0.04147186531881301
0.030442531742944562
0.0563879777631539
0.033988764553742966
0.03953426970408615
0.025829378468621673
0.024350005357005548
0.03708565300870638
0.02909005549503873
0.03555398592570541
0.018261558807142583
0.042524449701489386
0.02499239642220267
0.05235213396366295
0.03138842757932026
0.04711595036885963
0.020421466771369808
0.04038766244514891
0.027322003492054124
0.03085360931314067
0.036645663821912505
0.03272925033065378
0.03937055625146482
0.044166754288062056
0.04098932139089857
0.03421488517106543
0.0217942949001565
0.027930438934911705
0.03239383791522236
0.01338644027398015
0.0433544058922078
0.032627218076709735
0.03327060701393114
0.046041462106370876
0.042871605062494225
0.036671009663225174
0.023846264127665367
0.03973241576286406
0.03945857538556727
0.025473566662327553
0.042816318451954216
0.03978477182206582
0.012439356334837691
0.03447729449670295
0.02119632006026459
0.04410145148256864
0.043892379575425834
0.022828292499366583
0.024480973003524448
0.033549432847439505
0.028699691818415068
0.0492633308017327
0.04081213817179177
0.02911582752728301
0.038421459336763955
0.013334006934865975
0.03598724687416855
0.04278607059001865
0.028778774889240712
0.026089658086924417
0.03811143453373566
0.052288147276154676
0.03311388934186704
0.020633323368347434
0.046117847879194505
-0.028846974803883645
